0.0 148.082895238
14.1935483871 148.644266667
33.7096774194 150.56152381
46.7741935484 151.758628571
63.2258064516 153.440304762
79.5161290323 154.55207619
110.967741935 156.077714286
189.838709677 158.133028571
217.096774194 157.5872
236.451612903 156.549485714
253.225806452 155.153066667
294.516129032 151.350247619
308.709677419 150.352457143
332.419354839 148.37607619
342.096774194 148.072838095
367.580645161 147.453866667
398.548387097 147.747961905
422.096774194 149.020647619
441.451612903 149.042285714
464.193548387 148.751238095
488.548387097 149.32967619
559.193548387 153.441219048
575.806451613 154.287847619
593.548387097 154.422247619
611.935483871 155.242057143
637.741935484 155.845790476
653.548387097 156.656457143
677.741935484 157.495771429
699.677419355 158.373790476
730.967741935 157.45767619
753.709677419 158.718780952
773.709677419 158.24152381
789.677419355 156.756419048
809.677419355 156.566857143
828.548387097 155.976533333
847.903225806 155.260038095
876.774193548 153.981257143
902.096774194 152.314209524
923.870967742 150.640152381
978.387096774 148.045409524
1003.5483871 148.082895238
